Comission on Isotopic Abundances and Atomic Weights 2012
International Union of Pure and Applied Chemistry
http://www.ciaaw.org/atomic-masses.htm


9999    Dum      9999     0.0 0.0 0.0
999     Chg      999      0.0 0.0 0.0
0       Gho      0        0.0 0.0 0.0
1       H       1        1.0078250322              1.0078250316              1.0078250328             
1       H       2        2.0141017781              2.0141017773              2.0141017789             
2       He      3        3.01602932                3.0160293                 3.01602934               
2       He      4        4.0026032541              4.0026032537              4.0026032545             
3       Li      6        6.015122887               6.015122878               6.015122896              
3       Li      7        7.01600344                7.01600341                7.01600347               
4       Be      9        9.0121831                 9.0121826                 9.0121836                
5       B       10       10.012937                 10.012934                 10.01294                 
5       B       11       11.009305                 11.009302                 11.009308                
6       C       12       12                        12                        12                       
6       C       13       13.003354835              13.003354833              13.003354837             
7       N       14       14.003074004              14.003074002              14.003074006             
7       N       15       15.000108899              15.000108895              15.000108903             
8       O       16       15.99491462               15.994914618              15.994914622             
8       O       17       16.999131757              16.999131752              16.999131762             
8       O       18       17.999159613              17.999159607              17.999159619             
9       F       19       18.998403163              18.998403157              18.998403169             
10      Ne      20       19.99244018               19.99244016               19.9924402               
10      Ne      21       20.9938467                20.9938464                20.993847                
10      Ne      22       21.9913851                21.9913849                21.9913853               
11      Na      23       22.98976928               22.98976926               22.9897693               
12      Mg      24       23.9850417                23.98504161               23.98504179              
12      Mg      25       24.985837                 24.9858367                24.9858373               
12      Mg      26       25.982593                 25.9825928                25.9825932               
13      Al      27       26.9815385                26.9815378                26.9815392               
14      Si      28       27.976926535              27.976926532              27.976926538             
14      Si      29       28.976494665              28.976494662              28.976494668             
14      Si      30       29.97377001               29.97376999               29.97377003              
15      P       31       30.973761998              30.973761993              30.973762003             
16      S       32       31.972071174              31.972071165              31.972071183             
16      S       33       32.97145891               32.971458901              32.971458919             
16      S       34       33.967867                 33.9678667                33.9678673               
16      S       36       35.967081                 35.967079                 35.967083                
17      Cl      35       34.9688527                34.9688524                34.968853                
17      Cl      37       36.9659026                36.9659022                36.965903                
18      Ar      36       35.9675451                35.9675449                35.9675453               
18      Ar      38       37.962732                 37.96273                  37.962734                
18      Ar      40       39.96238312               39.9623831                39.96238314              
19      K       39       38.96370649               38.96370646               38.96370652              
19      K       40       39.9639982                39.9639978                39.9639986               
19      K       41       40.96182526               40.96182523               40.96182529              
20      Ca      40       39.9625909                39.9625907                39.9625911               
20      Ca      42       41.958618                 41.958617                 41.958619                
20      Ca      43       42.958766                 42.958764                 42.958768                
20      Ca      44       43.955482                 43.95548                  43.955484                
20      Ca      46       45.95369                  45.95367                  45.95371                 
20      Ca      48       47.9525228                47.952522                 47.9525236               
21      Sc      45       44.955908                 44.955903                 44.955913                
22      Ti      46       45.952628                 45.952625                 45.952631                
22      Ti      47       46.951759                 46.951756                 46.951762                
22      Ti      48       47.947942                 47.947939                 47.947945                
22      Ti      49       48.947866                 48.947863                 48.947869                
22      Ti      50       49.944787                 49.944784                 49.94479                 
23      V       50       49.947156                 49.94715                  49.947162                
23      V       51       50.943957                 50.943951                 50.943963                
24      Cr      50       49.946042                 49.946036                 49.946048                
24      Cr      52       51.940506                 51.940502                 51.94051                 
24      Cr      53       52.940648                 52.940644                 52.940652                
24      Cr      54       53.938879                 53.938875                 53.938883                
25      Mn      55       54.938044                 54.938041                 54.938047                
26      Fe      54       53.939609                 53.939606                 53.939612                
26      Fe      56       55.934936                 55.934933                 55.934939                
26      Fe      57       56.935393                 56.93539                  56.935396                
26      Fe      58       57.933274                 57.933271                 57.933277                
27      Co      59       58.933194                 58.93319                  58.933198                
28      Ni      58       57.935342                 57.935339                 57.935345                
28      Ni      60       59.930786                 59.930783                 59.930789                
28      Ni      61       60.931056                 60.931053                 60.931059                
28      Ni      62       61.928345                 61.928341                 61.928349                
28      Ni      64       63.927967                 63.927963                 63.927971                
29      Cu      63       62.929598                 62.929594                 62.929602                
29      Cu      65       64.92779                  64.927785                 64.927795                
30      Zn      64       63.929142                 63.929137                 63.929147                
30      Zn      66       65.926034                 65.926028                 65.92604                 
30      Zn      67       66.927128                 66.927122                 66.927134                
30      Zn      68       67.924845                 67.924839                 67.924851                
30      Zn      70       69.92532                  69.9253                   69.92534                 
31      Ga      69       68.925574                 68.925566                 68.925582                
31      Ga      71       70.924703                 70.924697                 70.924709                
32      Ge      70       69.924249                 69.924243                 69.924255                
32      Ge      72       71.9220758                71.9220753                71.9220763               
32      Ge      73       72.923459                 72.9234586                72.9234594               
32      Ge      74       73.92117776               73.92117767               73.92117785              
32      Ge      76       75.9214027                75.9214025                75.9214029               
33      As      75       74.921595                 74.921589                 74.921601                
34      Se      74       73.9224759                73.9224758                73.922476                
34      Se      76       75.9192137                75.9192135                75.9192139               
34      Se      77       76.9199142                76.9199137                76.9199147               
34      Se      78       77.917309                 77.917307                 77.917311                
34      Se      80       79.916522                 79.916514                 79.91653                 
34      Se      82       81.9167                   81.916691                 81.916709                
35      Br      79       78.918338                 78.918329                 78.918347                
35      Br      81       80.91629                  80.916281                 80.916299                
36      Kr      78       77.920365                 77.92036                  77.92037                 
36      Kr      80       79.916378                 79.916373                 79.916383                
36      Kr      82       81.913483                 81.913477                 81.913489                
36      Kr      83       82.914127                 82.914125                 82.914129                
36      Kr      84       83.91149773               83.9114977                83.91149776              
36      Kr      86       85.91061063               85.9106106                85.91061066              
37      Rb      85       84.91178974               84.91178971               84.91178977              
37      Rb      87       86.90918053               86.90918048               86.90918058              
38      Sr      84       83.913419                 83.913411                 83.913427                
38      Sr      86       85.909261                 85.909253                 85.909269                
38      Sr      87       86.908878                 86.90887                  86.908886                
38      Sr      88       87.905613                 87.905605                 87.905621                
39      Y       89       88.90584                  88.90582                  88.90586                 
40      Zr      90       89.9047                   89.90468                  89.90472                 
40      Zr      91       90.90564                  90.90562                  90.90566                 
40      Zr      92       91.90503                  91.90501                  91.90505                 
40      Zr      94       93.90631                  93.90629                  93.90633                 
40      Zr      96       95.90827                  95.90825                  95.90829                 
41      Nb      93       92.90637                  92.90635                  92.90639                 
42      Mo      92       91.906808                 91.906803                 91.906813                
42      Mo      94       93.905085                 93.905082                 93.905088                
42      Mo      95       94.905839                 94.905836                 94.905842                
42      Mo      96       95.904676                 95.904673                 95.904679                
42      Mo      97       96.906018                 96.906015                 96.906021                
42      Mo      98       97.905405                 97.905402                 97.905408                
42      Mo      100      99.907472                 99.907465                 99.907479                
43      Tc      98       97.90721                  97.90718                  97.90724                 
44      Ru      96       95.90759                  95.907587                 95.907593                
44      Ru      98       97.90529                  97.90524                  97.90534                 
44      Ru      99       98.905934                 98.905927                 98.905941                
44      Ru      100      99.904214                 99.904207                 99.904221                
44      Ru      101      100.905577                100.905569                100.905585               
44      Ru      102      101.904344                101.904336                101.904352               
44      Ru      104      103.90543                 103.90541                 103.90545                
45      Rh      103      102.9055                  102.90548                 102.90552                
46      Pd      102      101.9056                  101.90558                 101.90562                
46      Pd      104      103.904031                103.904022                103.90404                
46      Pd      105      104.90508                 104.905072                104.905088               
46      Pd      106      105.90348                 105.903472                105.903488               
46      Pd      108      107.903892                107.903884                107.9039                 
46      Pd      110      109.905172                109.905167                109.905177               
47      Ag      107      106.90509                 106.90507                 106.90511                
47      Ag      109      108.904755                108.904746                108.904764               
48      Cd      106      105.90646                 105.906452                105.906468               
48      Cd      108      107.904183                107.904175                107.904191               
48      Cd      110      109.903007                109.903003                109.903011               
48      Cd      111      110.904183                110.904179                110.904187               
48      Cd      112      111.902763                111.902759                111.902767               
48      Cd      113      112.904408                112.904405                112.904411               
48      Cd      114      113.903365                113.903362                113.903368               
48      Cd      116      115.904763                115.904761                115.904765               
49      In      113      112.904062                112.904056                112.904068               
49      In      115      114.90387878              114.9038787               114.90387886             
50      Sn      112      111.904824                111.90482                 111.904828               
50      Sn      114      113.902783                113.902777                113.902789               
50      Sn      115      114.9033447               114.9033446               114.9033448              
50      Sn      116      115.901743                115.901742                115.901744               
50      Sn      117      116.902954                116.902951                116.902957               
50      Sn      118      117.901607                117.901604                117.90161                
50      Sn      119      118.903311                118.903306                118.903316               
50      Sn      120      119.902202                119.902196                119.902208               
50      Sn      122      121.90344                 121.90342                 121.90346                
50      Sn      124      123.905277                123.90527                 123.905284               
51      Sb      121      120.90381                 120.90379                 120.90383                
51      Sb      123      122.90421                 122.90419                 122.90423                
52      Te      120      119.90406                 119.90404                 119.90408                
52      Te      122      121.90304                 121.90303                 121.90305                
52      Te      123      122.90427                 122.90426                 122.90428                
52      Te      124      123.90282                 123.90281                 123.90283                
52      Te      125      124.90443                 124.90442                 124.90444                
52      Te      126      125.90331                 125.9033                  125.90332                
52      Te      128      127.904461                127.904455                127.904467               
52      Te      130      129.90622275              129.90622267              129.90622283             
53      I       127      126.90447                 126.90444                 126.9045                 
54      Xe      124      123.90589                 123.90587                 123.90591                
54      Xe      126      125.9043                  125.90427                 125.90433                
54      Xe      128      127.903531                127.903524                127.903538               
54      Xe      129      128.90478086              128.90478082              128.9047809              
54      Xe      130      129.9035094               129.9035093               129.9035095              
54      Xe      131      130.905084                130.905082                130.905086               
54      Xe      132      131.90415509              131.90415505              131.90415513             
54      Xe      134      133.905395                133.905389                133.905401               
54      Xe      136      135.90721448              135.90721441              135.90721455             
55      Cs      133      132.90545196              132.9054519               132.90545202             
56      Ba      130      129.90632                 129.9063                  129.90634                
56      Ba      132      131.905061                131.905054                131.905068               
56      Ba      134      133.904508                133.904506                133.90451                
56      Ba      135      134.905688                134.905686                134.90569                
56      Ba      136      135.904576                135.904574                135.904578               
56      Ba      137      136.905827                136.905825                136.905829               
56      Ba      138      137.905247                137.905245                137.905249               
57      La      138      137.90712                 137.90709                 137.90715                
57      La      139      138.90636                 138.90634                 138.90638                
58      Ce      136      135.907129                135.907126                135.907132               
58      Ce      138      137.90599                 137.90592                 137.90606                
58      Ce      140      139.90544                 139.90542                 139.90546                
58      Ce      142      141.90925                 141.90923                 141.90927                
59      Pr      141      140.90766                 140.90764                 140.90768                
60      Nd      142      141.90773                 141.90771                 141.90775                
60      Nd      143      142.90982                 142.9098                  142.90984                
60      Nd      144      143.91009                 143.91007                 143.91011                
60      Nd      145      144.91258                 144.91256                 144.9126                 
60      Nd      146      145.91312                 145.9131                  145.91314                
60      Nd      148      147.9169                  147.91688                 147.91692                
60      Nd      150      149.9209                  149.92088                 149.92092                
61      Pm      145      144.91276                 144.91274                 144.91278                
62      Sm      144      143.91201                 143.91199                 143.91203                
62      Sm      147      146.9149                  146.91488                 146.91492                
62      Sm      148      147.91483                 147.91481                 147.91485                
62      Sm      149      148.91719                 148.91717                 148.91721                
62      Sm      150      149.91728                 149.91726                 149.9173                 
62      Sm      152      151.91974                 151.91972                 151.91976                
62      Sm      154      153.92222                 153.9222                  153.92224                
63      Eu      151      150.91986                 150.91984                 150.91988                
63      Eu      153      152.92124                 152.92122                 152.92126                
64      Gd      152      151.9198                  151.91978                 151.91982                
64      Gd      154      153.92087                 153.92085                 153.92089                
64      Gd      155      154.92263                 154.92261                 154.92265                
64      Gd      156      155.92213                 155.92211                 155.92215                
64      Gd      157      156.92397                 156.92395                 156.92399                
64      Gd      158      157.92411                 157.92409                 157.92413                
64      Gd      160      159.92706                 159.92704                 159.92708                
65      Tb      159      158.92535                 158.92533                 158.92537                
66      Dy      156      155.92428                 155.92426                 155.9243                 
66      Dy      158      157.92442                 157.9244                  157.92444                
66      Dy      160      159.9252                  159.92518                 159.92522                
66      Dy      161      160.92694                 160.92692                 160.92696                
66      Dy      162      161.92681                 161.92679                 161.92683                
66      Dy      163      162.92874                 162.92872                 162.92876                
66      Dy      164      163.92918                 163.92916                 163.9292                 
67      Ho      165      164.93033                 164.93031                 164.93035                
68      Er      162      161.92879                 161.92877                 161.92881                
68      Er      164      163.92921                 163.92919                 163.92923                
68      Er      166      165.9303                  165.93028                 165.93032                
68      Er      167      166.93205                 166.93203                 166.93207                
68      Er      168      167.93238                 167.93236                 167.9324                 
68      Er      170      169.93547                 169.93545                 169.93549                
69      Tm      169      168.93422                 168.9342                  168.93424                
70      Yb      168      167.93389                 167.93387                 167.93391                
70      Yb      170      169.93477                 169.93475                 169.93479                
70      Yb      171      170.93633                 170.93631                 170.93635                
70      Yb      172      171.93639                 171.93637                 171.93641                
70      Yb      173      172.93822                 172.9382                  172.93824                
70      Yb      174      173.93887                 173.93885                 173.93889                
70      Yb      176      175.94258                 175.94256                 175.9426                 
71      Lu      175      174.94078                 174.94076                 174.9408                 
71      Lu      176      175.94269                 175.94267                 175.94271                
72      Hf      174      173.94005                 173.94003                 173.94007                
72      Hf      176      175.94141                 175.94139                 175.94143                
72      Hf      177      176.94323                 176.94321                 176.94325                
72      Hf      178      177.94371                 177.94369                 177.94373                
72      Hf      179      178.94582                 178.9458                  178.94584                
72      Hf      180      179.94656                 179.94654                 179.94658                
73      Ta      180      179.94746                 179.94744                 179.94748                
73      Ta      181      180.948                   180.94798                 180.94802                
74      W       180      179.94671                 179.94669                 179.94673                
74      W       182      181.948204                181.948198                181.94821                
74      W       183      182.950223                182.950217                182.950229               
74      W       184      183.950931                183.950925                183.950937               
74      W       186      185.95436                 185.95434                 185.95438                
75      Re      185      184.952955                184.952947                184.952963               
75      Re      187      186.95575                 186.95574                 186.95576                
76      Os      184      183.952489                183.95248                 183.952498               
76      Os      186      185.95384                 185.95383                 185.95385                
76      Os      187      186.95575                 186.95574                 186.95576                
76      Os      188      187.95584                 187.95583                 187.95585                
76      Os      189      188.95814                 188.95812                 188.95816                
76      Os      190      189.95844                 189.95842                 189.95846                
76      Os      192      191.96148                 191.96146                 191.9615                 
77      Ir      191      190.96059                 190.96057                 190.96061                
77      Ir      193      192.96292                 192.9629                  192.96294                
78      Pt      190      189.95993                 189.95989                 189.95997                
78      Pt      192      191.96104                 191.96102                 191.96106                
78      Pt      194      193.962681                193.962675                193.962687               
78      Pt      195      194.964792                194.964786                194.964798               
78      Pt      196      195.964952                195.964946                195.964958               
78      Pt      198      197.96789                 197.96787                 197.96791                
79      Au      197      196.966569                196.966564                196.966574               
80      Hg      196      195.96583                 195.96581                 195.96585                
80      Hg      198      197.966769                197.966766                197.966772               
80      Hg      199      198.968281                198.968278                198.968284               
80      Hg      200      199.968327                199.968324                199.96833                
80      Hg      201      200.970303                200.970298                200.970308               
80      Hg      202      201.970643                201.970638                201.970648               
80      Hg      204      203.973494                203.973491                203.973497               
81      Tl      203      202.972345                202.972336                202.972354               
81      Tl      205      204.974428                204.974419                204.974437               
82      Pb      204      203.973044                203.973036                203.973052               
82      Pb      206      205.974466                205.974458                205.974474               
82      Pb      207      206.975897                206.975889                206.975905               
82      Pb      208      207.976653                207.976645                207.976661               
83      Bi      209      208.9804                  208.98039                 208.98041                
90      Th      230      230.03313                 230.03311                 230.03315                
90      Th      232      232.03806                 232.03804                 232.03808                
91      Pa      231      231.03588                 231.03586                 231.0359                 
92      U       233      233.03964                 233.03962                 233.03966                
92      U       234      234.04095                 234.04093                 234.04097                
92      U       235      235.04393                 235.04391                 235.04395                
92      U       238      238.05079                 238.05077                 238.05081                
