Comission on Isotopic Abundances and Atomic Weights 2015
International Union of Pure and Applied Chemistry
http://www.ciaaw.org/atomic-weights.htm

0       Gho     0.0                       0.0                       0.0
1       H       1.007975                  1.00784                   1.00811                  
2       He      4.002602                  4.0026                    4.002604                 
3       Li      6.9675                    6.938                     6.997                    
4       Be      9.0121831                 9.0121826                 9.0121836                
5       B       10.8135                   10.806                    10.821                   
6       C       12.0106                   12.0096                   12.0116                  
7       N       14.006855                 14.00643                  14.00728                 
8       O       15.9994                   15.99903                  15.99977                 
9       F       18.998403163              18.998403157              18.998403169             
10      Ne      20.1797                   20.1791                   20.1803                  
11      Na      22.98976928               22.98976926               22.9897693               
12      Mg      24.3055                   24.304                    24.307                   
13      Al      26.9815385                26.9815378                26.9815392               
14      Si      28.085                    28.084                    28.086                   
15      P       30.973761998              30.973761993              30.973762003             
16      S       32.0675                   32.059                    32.076                   
17      Cl      35.4515                   35.446                    35.457                   
18      Ar      39.948                    39.947                    39.949                   
19      K       39.0983                   39.0982                   39.0984                  
20      Ca      40.078                    40.074                    40.082                   
21      Sc      44.955908                 44.955903                 44.955913                
22      Ti      47.867                    47.866                    47.868                   
23      V       50.9415                   50.9414                   50.9416                  
24      Cr      51.9961                   51.9955                   51.9967                  
25      Mn      54.938044                 54.938041                 54.938047                
26      Fe      55.845                    55.843                    55.847                   
27      Co      58.933194                 58.93319                  58.933198                
28      Ni      58.6934                   58.693                    58.6938                  
29      Cu      63.546                    63.543                    63.549                   
30      Zn      65.38                     65.36                     65.4                     
31      Ga      69.723                    69.722                    69.724                   
32      Ge      72.63                     72.622                    72.638                   
33      As      74.921595                 74.921589                 74.921601                
34      Se      78.971                    78.963                    78.979                   
35      Br      79.904                    79.901                    79.907                   
36      Kr      83.798                    83.796                    83.8                     
37      Rb      85.4678                   85.4675                   85.4681                  
38      Sr      87.62                     87.61                     87.63                    
39      Y       88.90584                  88.90582                  88.90586                 
40      Zr      91.224                    91.222                    91.226                   
41      Nb      92.90637                  92.90635                  92.90639                 
42      Mo      95.95                     95.94                     95.96                    
43      Tc      0                         0                         0                        
44      Ru      101.07                    101.05                    101.09                   
45      Rh      102.9055                  102.90548                 102.90552                
46      Pd      106.42                    106.41                    106.43                   
47      Ag      107.8682                  107.868                   107.8684                 
48      Cd      112.414                   112.41                    112.418                  
49      In      114.818                   114.817                   114.819                  
50      Sn      118.71                    118.703                   118.717                  
51      Sb      121.76                    121.759                   121.761                  
52      Te      127.6                     127.57                    127.63                   
53      I       126.90447                 126.90444                 126.9045                 
54      Xe      131.293                   131.287                   131.299                  
55      Cs      132.90545196              132.9054519               132.90545202             
56      Ba      137.327                   137.32                    137.334                  
57      La      138.90547                 138.9054                  138.90554                
58      Ce      140.116                   140.115                   140.117                  
59      Pr      140.90766                 140.90764                 140.90768                
60      Nd      144.242                   144.239                   144.245                  
61      Pm      0                         0                         0                        
62      Sm      150.36                    150.34                    150.38                   
63      Eu      151.964                   151.963                   151.965                  
64      Gd      157.25                    157.22                    157.28                   
65      Tb      158.92535                 158.92533                 158.92537                
66      Dy      162.5                     162.499                   162.501                  
67      Ho      164.93033                 164.93031                 164.93035                
68      Er      167.259                   167.256                   167.262                  
69      Tm      168.93422                 168.9342                  168.93424                
70      Yb      173.045                   173.035                   173.055                  
71      Lu      174.9668                  174.9667                  174.9669                 
72      Hf      178.49                    178.47                    178.51                   
73      Ta      180.94788                 180.94786                 180.9479                 
74      W       183.84                    183.83                    183.85                   
75      Re      186.207                   186.206                   186.208                  
76      Os      190.23                    190.2                     190.26                   
77      Ir      192.217                   192.214                   192.22                   
78      Pt      195.084                   195.075                   195.093                  
79      Au      196.966569                196.966564                196.966574               
80      Hg      200.592                   200.589                   200.595                  
81      Tl      204.3835                  204.382                   204.385                  
82      Pb      207.2                     207.1                     207.3                    
83      Bi      208.9804                  208.98039                 208.98041                
84      Po      0                         0                         0                        
85      At      0                         0                         0                        
86      Rn      0                         0                         0                        
87      Fr      0                         0                         0                        
88      Ra      0                         0                         0                        
89      Ac      0                         0                         0                        
90      Th      232.0377                  232.0373                  232.0381                 
91      Pa      231.03588                 231.03586                 231.0359                 
92      U       238.02891                 238.02888                 238.02894                
93      Np      0                         0                         0                        
94      Pu      0                         0                         0                        
95      Am      0                         0                         0                        
96      Cm      0                         0                         0                        
97      Bk      0                         0                         0                        
98      Cf      0                         0                         0                        
99      Es      0                         0                         0                        
100     Fm      0                         0                         0                        
101     Md      0                         0                         0                        
102     No      0                         0                         0                        
103     Lr      0                         0                         0                        
104     Rf      0                         0                         0                        
105     Db      0                         0                         0                        
106     Sg      0                         0                         0                        
107     Bh      0                         0                         0                        
108     Hs      0                         0                         0                        
109     Mt      0                         0                         0                        
110     Ds      0                         0                         0                        
111     Rg      0                         0                         0                        
112     Cn      0                         0                         0                        
113     Uut     0                         0                         0                        
114     Fl      0                         0                         0                        
115     Uup     0                         0                         0                        
116     Lv      0                         0                         0                        
117     Uus     0                         0                         0                        
118     Uuo     0                         0                         0                        
999     Chg     0                         0                         0
9999    Dum     0                         0                         0
