Comission on Isotopic Abundances and Atomic Weights 2013
International Union of Pure and Applied Chemistry
http://www.ciaaw.org/isotopic-abundances.htm


1       H       1        0.999855                  0.99972                   0.99999                  
1       H       2        0.000145                  0.00001                   0.00028                  
2       He      3        2.0e-6                    0.0                       4.0e-6                   
2       He      4        0.999998                  0.999996                  1.0                      
3       Li      6        0.0485                    0.019                     0.078                    
3       Li      7        0.9515                    0.922                     0.981                    
4       Be      9        1                         1                         1                        
5       B       10       0.1965                    0.189                     0.204                    
5       B       11       0.8035                    0.796                     0.811                    
6       C       12       0.9894                    0.9884                    0.9904                   
6       C       13       0.0106                    0.0096                    0.0116                   
7       N       14       0.996205                  0.99578                   0.99663                  
7       N       15       0.003795                  0.00337                   0.00422                  
8       O       16       0.99757                   0.99738                   0.99776                  
8       O       17       0.0003835                 0.000367                  0.0004                   
8       O       18       0.002045                  0.00187                   0.00222                  
9       F       19       1                         1                         1                        
10      Ne      20       0.9048                    0.9045                    0.9051                   
10      Ne      21       0.0027                    0.0026                    0.0028                   
10      Ne      22       0.0925                    0.0922                    0.0928                   
11      Na      23       1                         1                         1                        
12      Mg      24       0.78965                   0.7888                    0.7905                   
12      Mg      25       0.10011                   0.09988                   0.10034                  
12      Mg      26       0.11025                   0.1096                    0.1109                   
13      Al      27       1                         1                         1                        
14      Si      28       0.922545                  0.92191                   0.92318                  
14      Si      29       0.04672                   0.04645                   0.04699                  
14      Si      30       0.030735                  0.03037                   0.0311                   
15      P       31       1                         1                         1                        
16      S       32       0.9485                    0.9441                    0.9529                   
16      S       33       0.00763                   0.00729                   0.00797                  
16      S       34       0.04365                   0.0396                    0.0477                   
16      S       36       0.000158                  0.000129                  0.000187                 
17      Cl      35       0.758                     0.755                     0.761                    
17      Cl      37       0.242                     0.239                     0.245                    
18      Ar      36       0.003336                  0.003126                  0.003546                 
18      Ar      38       0.000629                  0.000559                  0.000699                 
18      Ar      40       0.996035                  0.995785                  0.996285                 
19      K       39       0.932581                  0.932537                  0.932625                 
19      K       40       0.000117                  0.000116                  0.000118                 
19      K       41       0.067302                  0.067258                  0.067346                 
20      Ca      40       0.96941                   0.96785                   0.97097                  
20      Ca      42       0.00647                   0.00624                   0.0067                   
20      Ca      43       0.00135                   0.00125                   0.00145                  
20      Ca      44       0.02086                   0.01976                   0.02196                  
20      Ca      46       0.00004                   0.00001                   0.00007                  
20      Ca      48       0.00187                   0.00166                   0.00208                  
21      Sc      45       1                         1                         1                        
22      Ti      46       0.0825                    0.0822                    0.0828                   
22      Ti      47       0.0744                    0.0742                    0.0746                   
22      Ti      48       0.7372                    0.7369                    0.7375                   
22      Ti      49       0.0541                    0.0539                    0.0543                   
22      Ti      50       0.0518                    0.0516                    0.052                    
23      V       50       0.0025                    0.0024                    0.0026                   
23      V       51       0.9975                    0.9974                    0.9976                   
24      Cr      50       0.04345                   0.04332                   0.04358                  
24      Cr      52       0.83789                   0.83771                   0.83807                  
24      Cr      53       0.09501                   0.09484                   0.09518                  
24      Cr      54       0.02365                   0.02358                   0.02372                  
25      Mn      55       1                         1                         1                        
26      Fe      54       0.05845                   0.0574                    0.0595                   
26      Fe      56       0.91754                   0.91648                   0.9186                   
26      Fe      57       0.02119                   0.0209                    0.02148                  
26      Fe      58       0.00282                   0.0027                    0.00294                  
27      Co      59       1                         1                         1                        
28      Ni      58       0.680769                  0.680579                  0.680959                 
28      Ni      60       0.262231                  0.262081                  0.262381                 
28      Ni      61       0.011399                  0.011386                  0.011412                 
28      Ni      62       0.036345                  0.036305                  0.036385                 
28      Ni      64       0.009256                  0.009237                  0.009275                 
29      Cu      63       0.6915                    0.69                      0.693                    
29      Cu      65       0.3085                    0.307                     0.31                     
30      Zn      64       0.4917                    0.4842                    0.4992                   
30      Zn      66       0.2773                    0.2675                    0.2871                   
30      Zn      67       0.0404                    0.0388                    0.042                    
30      Zn      68       0.1845                    0.1782                    0.1908                   
30      Zn      70       0.0061                    0.0051                    0.0071                   
31      Ga      69       0.60108                   0.60058                   0.60158                  
31      Ga      71       0.39892                   0.39842                   0.39942                  
32      Ge      70       0.2052                    0.2033                    0.2071                   
32      Ge      72       0.2745                    0.273                     0.276                    
32      Ge      73       0.0776                    0.0768                    0.0784                   
32      Ge      74       0.3652                    0.364                     0.3664                   
32      Ge      76       0.0775                    0.0763                    0.0787                   
33      As      75       1                         1                         1                        
34      Se      74       0.0086                    0.0083                    0.0089                   
34      Se      76       0.0923                    0.0916                    0.093                    
34      Se      77       0.076                     0.0753                    0.0767                   
34      Se      78       0.2369                    0.2347                    0.2391                   
34      Se      80       0.498                     0.4944                    0.5016                   
34      Se      82       0.0882                    0.0867                    0.0897                   
35      Br      79       0.5065                    0.505                     0.508                    
35      Br      81       0.4935                    0.492                     0.495                    
36      Kr      78       0.00355                   0.00352                   0.00358                  
36      Kr      80       0.02286                   0.02276                   0.02296                  
36      Kr      82       0.11593                   0.11562                   0.11624                  
36      Kr      83       0.115                     0.11481                   0.11519                  
36      Kr      84       0.56987                   0.56972                   0.57002                  
36      Kr      86       0.17279                   0.17238                   0.1732                   
37      Rb      85       0.7217                    0.7215                    0.7219                   
37      Rb      87       0.2783                    0.2781                    0.2785                   
38      Sr      84       0.0056                    0.0054                    0.0058                   
38      Sr      86       0.0986                    0.0966                    0.1006                   
38      Sr      87       0.07                      0.068                     0.072                    
38      Sr      88       0.8258                    0.8223                    0.8293                   
39      Y       89       1                         1                         1                        
40      Zr      90       0.5145                    0.5141                    0.5149                   
40      Zr      91       0.1122                    0.1117                    0.1127                   
40      Zr      92       0.1715                    0.1712                    0.1718                   
40      Zr      94       0.1738                    0.1734                    0.1742                   
40      Zr      96       0.028                     0.0278                    0.0282                   
41      Nb      93       1                         1                         1                        
42      Mo      92       0.14649                   0.14543                   0.14755                  
42      Mo      94       0.09187                   0.09154                   0.0922                   
42      Mo      95       0.15873                   0.15843                   0.15903                  
42      Mo      96       0.16673                   0.16665                   0.16681                  
42      Mo      97       0.09582                   0.09567                   0.09597                  
42      Mo      98       0.24292                   0.24212                   0.24372                  
42      Mo      100      0.09744                   0.09679                   0.09809                  
43      Tc      97       0                         0                         0                        
44      Ru      96       0.0554                    0.054                     0.0568                   
44      Ru      98       0.0187                    0.0184                    0.019                    
44      Ru      99       0.1276                    0.1262                    0.129                    
44      Ru      100      0.126                     0.1253                    0.1267                   
44      Ru      101      0.1706                    0.1704                    0.1708                   
44      Ru      102      0.3155                    0.3141                    0.3169                   
44      Ru      104      0.1862                    0.1835                    0.1889                   
45      Rh      103      1                         1                         1                        
46      Pd      102      0.0102                    0.0101                    0.0103                   
46      Pd      104      0.1114                    0.1106                    0.1122                   
46      Pd      105      0.2233                    0.2225                    0.2241                   
46      Pd      106      0.2733                    0.273                     0.2736                   
46      Pd      108      0.2646                    0.2637                    0.2655                   
46      Pd      110      0.1172                    0.1163                    0.1181                   
47      Ag      107      0.51839                   0.51831                   0.51847                  
47      Ag      109      0.48161                   0.48153                   0.48169                  
48      Cd      106      0.01245                   0.01223                   0.01267                  
48      Cd      108      0.00888                   0.00877                   0.00899                  
48      Cd      110      0.1247                    0.12409                   0.12531                  
48      Cd      111      0.12795                   0.12783                   0.12807                  
48      Cd      112      0.24109                   0.24102                   0.24116                  
48      Cd      113      0.12227                   0.1222                    0.12234                  
48      Cd      114      0.28754                   0.28673                   0.28835                  
48      Cd      116      0.07512                   0.07458                   0.07566                  
49      In      113      0.04281                   0.04229                   0.04333                  
49      In      115      0.95719                   0.95667                   0.95771                  
50      Sn      112      0.0097                    0.0096                    0.0098                   
50      Sn      114      0.0066                    0.0065                    0.0067                   
50      Sn      115      0.0034                    0.0033                    0.0035                   
50      Sn      116      0.1454                    0.1445                    0.1463                   
50      Sn      117      0.0768                    0.0761                    0.0775                   
50      Sn      118      0.2422                    0.2413                    0.2431                   
50      Sn      119      0.0859                    0.0855                    0.0863                   
50      Sn      120      0.3258                    0.3249                    0.3267                   
50      Sn      122      0.0463                    0.046                     0.0466                   
50      Sn      124      0.0579                    0.0574                    0.0584                   
51      Sb      121      0.5721                    0.5716                    0.5726                   
51      Sb      123      0.4279                    0.4274                    0.4284                   
52      Te      120      0.0009                    0.0008                    0.001                    
52      Te      122      0.0255                    0.0243                    0.0267                   
52      Te      123      0.0089                    0.0086                    0.0092                   
52      Te      124      0.0474                    0.046                     0.0488                   
52      Te      125      0.0707                    0.0692                    0.0722                   
52      Te      126      0.1884                    0.1859                    0.1909                   
52      Te      128      0.3174                    0.3166                    0.3182                   
52      Te      130      0.3408                    0.3346                    0.347                    
53      I       127      1                         1                         1                        
54      Xe      124      0.00095                   0.0009                    0.001                    
54      Xe      126      0.00089                   0.00086                   0.00092                  
54      Xe      128      0.0191                    0.01897                   0.01923                  
54      Xe      129      0.26401                   0.26263                   0.26539                  
54      Xe      130      0.04071                   0.04049                   0.04093                  
54      Xe      131      0.21232                   0.21181                   0.21283                  
54      Xe      132      0.26909                   0.26854                   0.26964                  
54      Xe      134      0.10436                   0.10401                   0.10471                  
54      Xe      136      0.08857                   0.08785                   0.08929                  
55      Cs      133      1                         1                         1                        
56      Ba      130      0.0011                    0.001                     0.0012                   
56      Ba      132      0.001                     0.0009                    0.0011                   
56      Ba      134      0.0242                    0.0227                    0.0257                   
56      Ba      135      0.0659                    0.0649                    0.0669                   
56      Ba      136      0.0785                    0.0761                    0.0809                   
56      Ba      137      0.1123                    0.11                      0.1146                   
56      Ba      138      0.717                     0.7141                    0.7199                   
57      La      138      0.0008881                 0.000881                  0.0008952                
57      La      139      0.9991119                 0.9991048                 0.999119                 
58      Ce      136      0.00186                   0.00184                   0.00188                  
58      Ce      138      0.00251                   0.00249                   0.00253                  
58      Ce      140      0.88449                   0.88398                   0.885                    
58      Ce      142      0.11114                   0.11063                   0.11165                  
59      Pr      141      1                         1                         1                        
60      Nd      142      0.27153                   0.27113                   0.27193                  
60      Nd      143      0.12173                   0.12147                   0.12199                  
60      Nd      144      0.23798                   0.23779                   0.23817                  
60      Nd      145      0.08293                   0.08281                   0.08305                  
60      Nd      146      0.17189                   0.17157                   0.17221                  
60      Nd      148      0.05756                   0.05735                   0.05777                  
60      Nd      150      0.05638                   0.0561                    0.05666                  
61      Pm      145      0                         0                         0                        
62      Sm      144      0.0308                    0.0304                    0.0312                   
62      Sm      147      0.15                      0.1486                    0.1514                   
62      Sm      148      0.1125                    0.1116                    0.1134                   
62      Sm      149      0.1382                    0.1372                    0.1392                   
62      Sm      150      0.0737                    0.0728                    0.0746                   
62      Sm      152      0.2674                    0.2665                    0.2683                   
62      Sm      154      0.2274                    0.226                     0.2288                   
63      Eu      151      0.4781                    0.4775                    0.4787                   
63      Eu      153      0.5219                    0.5213                    0.5225                   
64      Gd      152      0.002                     0.0017                    0.0023                   
64      Gd      154      0.0218                    0.0216                    0.022                    
64      Gd      155      0.148                     0.1471                    0.1489                   
64      Gd      156      0.2047                    0.2044                    0.205                    
64      Gd      157      0.1565                    0.1561                    0.1569                   
64      Gd      158      0.2484                    0.2476                    0.2492                   
64      Gd      160      0.2186                    0.2183                    0.2189                   
65      Tb      159      1                         1                         1                        
66      Dy      156      0.00056                   0.00053                   0.00059                  
66      Dy      158      0.00095                   0.00092                   0.00098                  
66      Dy      160      0.02329                   0.02311                   0.02347                  
66      Dy      161      0.18889                   0.18847                   0.18931                  
66      Dy      162      0.25475                   0.25439                   0.25511                  
66      Dy      163      0.24896                   0.24854                   0.24938                  
66      Dy      164      0.2826                    0.28206                   0.28314                  
67      Ho      165      1                         1                         1                        
68      Er      162      0.00139                   0.00134                   0.00144                  
68      Er      164      0.01601                   0.01598                   0.01604                  
68      Er      166      0.33503                   0.33467                   0.33539                  
68      Er      167      0.22869                   0.2286                    0.22878                  
68      Er      168      0.26978                   0.2696                    0.26996                  
68      Er      170      0.1491                    0.14874                   0.14946                  
69      Tm      169      1                         1                         1                        
70      Yb      168      0.00126                   0.00125                   0.00127                  
70      Yb      170      0.03023                   0.03021                   0.03025                  
70      Yb      171      0.14216                   0.14209                   0.14223                  
70      Yb      172      0.21754                   0.21744                   0.21764                  
70      Yb      173      0.16098                   0.16089                   0.16107                  
70      Yb      174      0.31896                   0.3187                    0.31922                  
70      Yb      176      0.12887                   0.12857                   0.12917                  
71      Lu      175      0.97401                   0.97388                   0.97414                  
71      Lu      176      0.02599                   0.02586                   0.02612                  
72      Hf      174      0.0016                    0.0004                    0.0028                   
72      Hf      176      0.0526                    0.0456                    0.0596                   
72      Hf      177      0.186                     0.1844                    0.1876                   
72      Hf      178      0.2728                    0.27                      0.2756                   
72      Hf      179      0.1362                    0.1351                    0.1373                   
72      Hf      180      0.3508                    0.3475                    0.3541                   
73      Ta      180      0.0001201                 0.0001169                 0.0001233                
73      Ta      181      0.9998799                 0.9998767                 0.9998831                
74      W       180      0.0012                    0.0011                    0.0013                   
74      W       182      0.265                     0.2634                    0.2666                   
74      W       183      0.1431                    0.1427                    0.1435                   
74      W       184      0.3064                    0.3062                    0.3066                   
74      W       186      0.2843                    0.2824                    0.2862                   
75      Re      185      0.374                     0.3735                    0.3745                   
75      Re      187      0.626                     0.6255                    0.6265                   
76      Os      184      0.0002                    0.0                       0.0004                   
76      Os      186      0.0159                    0.0095                    0.0223                   
76      Os      187      0.0196                    0.0179                    0.0213                   
76      Os      188      0.1324                    0.1297                    0.1351                   
76      Os      189      0.1615                    0.1592                    0.1638                   
76      Os      190      0.2626                    0.2606                    0.2646                   
76      Os      192      0.4078                    0.4046                    0.411                    
77      Ir      191      0.373                     0.371                     0.375                    
77      Ir      193      0.627                     0.625                     0.629                    
78      Pt      190      0.00012                   0.0001                    0.00014                  
78      Pt      192      0.00782                   0.00758                   0.00806                  
78      Pt      194      0.32864                   0.32454                   0.33274                  
78      Pt      195      0.33775                   0.33535                   0.34015                  
78      Pt      196      0.25211                   0.24871                   0.25551                  
78      Pt      198      0.07356                   0.07226                   0.07486                  
79      Au      197      1                         1                         1                        
80      Hg      196      0.0015                    0.0014                    0.0016                   
80      Hg      198      0.1004                    0.1001                    0.1007                   
80      Hg      199      0.1694                    0.1682                    0.1706                   
80      Hg      200      0.2314                    0.2305                    0.2323                   
80      Hg      201      0.1317                    0.1308                    0.1326                   
80      Hg      202      0.2974                    0.2961                    0.2987                   
80      Hg      204      0.0682                    0.0678                    0.0686                   
81      Tl      203      0.29515                   0.2944                    0.2959                   
81      Tl      205      0.70485                   0.7041                    0.7056                   
82      Pb      204      0.014                     0.008                     0.02                     
82      Pb      206      0.241                     0.211                     0.271                    
82      Pb      207      0.221                     0.171                     0.271                    
82      Pb      208      0.524                     0.454                     0.594                    
83      Bi      209      1                         1                         1                        
84      Po      209      0                         0                         0                        
85      At      210      0                         0                         0                        
86      Rn      222      0                         0                         0                        
87      Fr      223      0                         0                         0                        
88      Ra      226      0                         0                         0                        
89      Ac      227      0                         0                         0                        
90      Th      230      0.0002                    0.0                       0.0004                   
90      Th      232      0.9998                    0.9996                    1.0                      
91      Pa      231      1                         1                         1                        
92      U       234      0.000054                  0.000049                  0.000059                 
92      U       235      0.007204                  0.007198                  0.00721                  
92      U       238      0.992742                  0.992732                  0.992752                 
